Generation: 0
{0: [[0.49409871073448697, 0.9583696249480314, 0.44700482286110543], [0.484252163877793, -0.1164924024359526, 0.7215025490322156], [-0.49939860324840324, 0.41048317242469956, 0.4528490558738447]], 1: [[-0.977792257691718, -0.06857334178493368, -0.12948650033923115, 0.7309626469629671]]}
{0: [[0.8026559086277587, -0.3729893254005483, 0.08388320611556854], [0.886788854621587, -0.28943277875529194, -0.4214134412902526], [0.3132324631836607, -0.42919141181780085, 0.7829004077088568]], 1: [[-0.14144168462880446, 0.22334074127090453, 0.06356617567890988, -0.3845292411239143]]}
{0: [[0.06350275693656915, -0.2979887066550262, -0.5131516569897643], [0.9300860782621463, 0.1820465440610295, -0.9658071729555373], [-0.9281613367527402, -0.23745848341007747, 0.3965998581493628]], 1: [[-0.6773620090534069, 0.3793614837501702, -0.024003771737059365, 0.8515800451645801]]}
{0: [[-0.011852461242496615, -0.5189488092522805, 0.40961180939202557], [0.4469582247931203, 0.9491759370864783, 0.9875841879479785], [0.2889154714286448, -0.6112725743941936, -0.0510128387147506]], 1: [[0.8066231990534052, -0.6338749866504461, 0.9856266070164852, 0.3589227824224559]]}
{0: [[-0.6001311491415022, -0.510805962152171, 0.03271549645216254], [-0.10645973236673689, 0.06118018525363089, -0.9495190270195886], [-0.33318763375665306, 0.5660093201675962, 0.7802264390142271]], 1: [[0.5054752806198461, 0.00046147292624998393, -0.5777975499451555, 0.08882867436229924]]}
{0: [[0.8923952164280815, 0.5065270260434802, -0.08872201610444441], [0.516551659496914, 0.18542756583923015, 0.3759317133629454], [0.8319237702649604, -0.9152115301091976, 0.01284751054613742]], 1: [[0.07230085063640246, -0.6562282951969007, 0.8043546696493831, -0.6431369559445839]]}
{0: [[-0.17463548981219934, -0.3996401291258118, 0.6325194859967629], [-0.5232027084096809, 0.9717030368529864, -0.3853523661958784], [0.31340591207077195, 0.11022844351570438, 0.09232447371045915]], 1: [[0.5826825235714057, 0.8868875079123706, 0.4016835499144349, 0.5496741316961515]]}
{0: [[0.17267750235372636, 0.0415933033561986, 0.43319994305108156], [0.3290721935660743, 0.8747735763879645, 0.7588143924595259], [-0.14722593041511112, -0.8723247519741326, 0.67379583624875]], 1: [[0.2532369023898444, 0.7373568759629365, 0.940329484438382, 0.15908669834504807]]}
{0: [[-0.01734288153658059, -0.8473554741910578, -0.8013838165088387], [0.07475195798621548, -0.2909783528643619, 0.8136380839582367], [0.9866097305826296, 0.800175532933195, 0.6796899593528603]], 1: [[0.009248549729908628, -0.8273317167759116, -0.9869277826442069, -0.10690677254321956]]}
{0: [[-0.7548979825336934, 0.5403167614025124, 0.6222171224429265], [0.6443414999474635, 0.1925162261418889, -0.43290666829310886], [0.5334245773637611, -0.42237339887146286, 0.9418266973087228]], 1: [[-0.8466872122042106, 0.8552975612637843, -0.2615400819697087, -0.7157224613147704]]}
{0: [[0.35826998634989815, 0.5208019718927406, 0.028196459516832917], [-0.9127371002987765, 0.36269892589925523, 0.9884630651642896], [-0.3162824968506359, -0.12034678157360346, -0.12525341872704043]], 1: [[0.30741949003307467, 0.46726724501874384, 0.9478474081500894, -0.518166547221375]]}
{0: [[0.25540969833043015, -0.9662023250297878, 0.22129779369462588], [0.035773189190750676, 0.7930763069351618, -0.36712352691951233], [0.32494394588018327, -0.3409027371111151, -0.8333135708417818]], 1: [[-0.393111310166401, 0.4940621153540994, -0.7076565192385444, -0.4153203726223116]]}
{0: [[-0.14910928990141725, -0.4966606456734741, 0.04519249119143365], [-0.5592758316087632, -0.8329867134107163, -0.1794543284659147], [0.8068865208511713, -0.25780938128774533, -0.05434239165191812]], 1: [[0.6129267985544173, -0.7036043226889517, 0.6997792014666342, 0.30408567741084824]]}
{0: [[0.4221105450737521, 0.24259309614090196, -0.6215954648411934], [-0.3885873425238713, -0.4109077574230129, 0.8718098434799348], [-0.5094826081378219, 0.3319459027732017, -0.261750783730029]], 1: [[-0.740704551508047, 0.40406022139814524, 0.18898673740711702, -0.8578558818774269]]}
{0: [[0.04348370812259472, 0.7409872025077848, 0.7060659813989845], [-0.6846224565332819, 0.9765016219039704, -0.08641742340705916], [-0.2704155080843804, -0.23585207873185543, -0.42908832883341863]], 1: [[-0.1259838124599213, 0.5627196720866612, 0.3041367154639494, 0.9715391408664045]]}
{0: [[-0.8572369037594396, -0.8868856241567229, 0.4462860726153195], [0.4832486818210291, -0.4714055444355334, 0.8791648337245486], [-0.8161914210382653, -0.7661467369392121, -0.5211054550622358]], 1: [[0.4240711126276877, 0.4155970239622029, 0.797502637602358, -0.4382367792484041]]}
{0: [[0.9675834819331413, -0.023517964828552174, 0.9903217756798455], [0.765904482161277, -0.47289361816843845, -0.06364580912229933], [0.4243688828013441, 0.3301518685159761, -0.2567721743012594]], 1: [[-0.050398071700329616, 0.8531774485131352, 0.21977365851102149, -0.09154084996553058]]}
{0: [[0.8021879920586639, -0.6010494737472607, 0.4779409558858865], [-0.31115509674158326, -0.014387899443123242, -0.338708942094595], [0.5592753581422323, -0.0320546682034466, -0.4845350246476139]], 1: [[0.8926717940330644, 0.7123369620499049, -0.39802599539315997, 0.20184996372012587]]}
{0: [[-0.225963072122644, 0.37984179938580476, 0.21183160297739922], [0.529248435809025, -0.2980589238109499, 0.38063090080782347], [-0.7211173202287051, -0.2095166440645062, -0.19776562033945666]], 1: [[-0.14889207747373678, 0.2439066268692487, -0.318718502616784, -0.6146052797037103]]}
{0: [[-0.5316038544800084, -0.37882571245044705, -0.5045774980417699], [-0.5261535956036405, -0.35288644726051, -0.9295260740324951], [-0.6704581920737371, 0.9003930165526659, -0.7485588967290937]], 1: [[0.03390341365554206, 0.9379777563039293, -0.6039116843810763, -0.8861017501459842]]}
{0: [[-0.45785796423444336, 0.3351918519459338, -0.7277394184597126], [-0.5716045591364085, 0.24372384222804389, -0.6033656026988286], [0.048170880694228924, -0.8661371455423701, -0.6524111643270694]], 1: [[0.3512581167456912, 0.42094345392886634, -0.000941832355551675, -0.5466837785610819]]}
{0: [[-0.47669017024231364, 0.5116174804636104, -0.47686815191007503], [-0.7552018765743789, 0.478316159360485, -0.07843305736416717], [0.30762043730590927, -0.7184499315801987, -0.7112427722768886]], 1: [[-0.03170909163609381, 0.14212799402069276, 0.808156050516823, 0.8513280122428843]]}
{0: [[-0.4591800456117261, -0.1784875507272472, -0.8603996759528887], [-0.582479726776538, 0.7848881335771616, 0.2308504939685816], [0.407798324154917, -0.20164660100053955, -0.6831422013627435]], 1: [[-0.7454267983513729, -0.514081032261253, -0.8529519571467978, -0.6631743997337041]]}
{0: [[0.01757560384726453, 0.3008639668396007, 0.02125674274775924], [0.7217500434282429, 0.2641555270454514, 0.05456831298798126], [0.9294860017225848, -0.21861188340117832, -0.21694176476747207]], 1: [[-0.6013594588739581, -0.8935031729931115, -0.11195965595854362, -0.9646991753718541]]}
{0: [[-0.6813575047850304, -0.0958891186443398, 0.07063246484025343], [-0.19310279771181582, -0.4780113974430036, 0.6376876574286623], [0.7694918052342488, 0.39361740661757616, -0.919890484560627]], 1: [[-0.34590168779096064, 0.8332792166035461, -0.15593175269534854, -0.8967948761781561]]}
{0: [[0.9192452574693033, -0.15966819325920478, 0.9472715287102969], [-0.8750747287928777, 0.6364742222605764, 0.045624043342308074], [0.15269123889485803, 0.3453589971409641, 0.14245688645802312]], 1: [[-0.012401853988000422, -0.3321190208442264, 0.5973429248622377, 0.6554438723418903]]}
{0: [[-0.5116256133283266, -0.2227730503144396, -0.6565928727651966], [0.38451250556761485, -0.37265760812498416, -0.2723732453180625], [-0.8021207789396201, 0.34508796514615536, -0.7511727455215742]], 1: [[0.7235541915987969, -0.042056062808728534, 0.6890532064760435, 0.5455451660396557]]}
{0: [[0.8210536354450424, -0.253828562183229, 0.19274388536520992], [0.06967737580893174, -0.5365252113421635, 0.2934439894883827], [-0.023383546903756436, 0.13750733310121976, -0.49279995741806837]], 1: [[-0.6292463887685655, -0.9488725950307921, -0.6153586257193295, -0.36568564412013416]]}
{0: [[-0.13702613107747919, 0.7998609203460947, 0.5723951156450533], [-0.6439898084222422, 0.12920118912993916, 0.9588609801287236], [0.39298641331856343, 0.6600310729297898, -0.19422867677068867]], 1: [[0.9135722098123338, -0.49309493253289594, 0.7485525532913777, -0.702774168146316]]}
{0: [[0.08930106933296122, -0.08022820248583473, 0.7163683015895002], [0.902133127334573, 0.11821880514898497, 0.25085194198744576], [0.8565931601518169, -0.7699763257988734, -0.3345846145521312]], 1: [[-0.3833805327986213, 0.8519782062638082, -0.05920583507693755, 0.30274422417093305]]}
{0: [[0.40865942980640635, -0.8892279677192587, -0.9525648413161605], [0.43905131066885295, -0.0312536413031248, -0.29008306773862547], [0.8384247071979334, -0.07075538842214613, -0.28120614373220154]], 1: [[0.8651491472130517, -0.7373072022511884, -0.8892818183207114, 0.5525568476539231]]}
{0: [[0.8979862995424439, 0.7061052542302155, -0.6238898554518035], [0.7712486102200238, -0.2215771494357035, 0.432451145729732], [0.6822881383000947, -0.6970930773252715, 0.16940111606464758]], 1: [[-0.07984768320764601, 0.008304964844427554, 0.4786055493127268, -0.5669190042708221]]}
{0: [[-0.2933301094929561, -0.5763229518320057, 0.947908795364562], [0.633438645597717, 0.32127138342657524, 0.9573960376655304], [0.6176893227182607, 0.8621800299765316, -0.062489904462804224]], 1: [[0.6826091208625662, 0.9345396957809369, -0.5328034324182269, 0.6191524464394653]]}
{0: [[-0.6273019443256771, -0.0479823142024125, -0.06230771012028069], [0.24196803603160988, -0.9812765763946467, -0.31233444383879716], [-0.8024646047670225, 0.7045039641882431, 0.5278359573107871]], 1: [[0.7288774204554049, -0.8741114203308202, -0.2490731704600413, -0.8187855227574503]]}
{0: [[0.494483783828084, -0.1672754645597374, 0.07583632069485513], [0.8082620688896474, -0.6813887311119815, -0.043062147494325353], [-0.19497028599619726, -0.4827485849070965, 0.05999512369104121]], 1: [[-0.17145642826170704, 0.06015940482283888, 0.08472776086615008, 0.4106980603496089]]}
{0: [[-0.07299893305488903, -0.2029278646789745, -0.7361455346948262], [-0.5885987927179868, 0.6082136825628295, 0.49497015780489684], [-0.7299661631446095, 0.932023425018554, -0.7210511310884182]], 1: [[-0.4527735511988098, 0.49796960376398225, 0.039792829822732356, -0.11409124312484198]]}
{0: [[0.20857096871187286, 0.9283900271966823, -0.5066827247843881], [0.943640598816013, 0.034628082615983935, -0.13938560607451622], [-0.49314068205301576, -0.24879360527255345, -0.06466923729954721]], 1: [[-0.4684928767500247, 0.4803692010533771, 0.2434235527210411, -0.6015511160254043]]}
{0: [[0.935110630839814, 0.9380684450814396, -0.11790349137592604], [0.4197671593707557, 0.35890686325521437, 0.7331252244194728], [-0.019415500678801934, -0.06297335338448873, 0.4959105743037384]], 1: [[0.3716298431490688, -0.41405940025120724, -0.14348709073406685, 0.2469319717889491]]}
{0: [[-0.24749640432669806, -0.25923882299257817, -0.2463420461667214], [-0.9064694783740823, 0.16373224470565084, 0.7901105466924301], [0.6117928755942093, 0.21433575261908855, -0.6253850278031499]], 1: [[0.30697735243744595, -0.41858707861443234, -0.5359100526316816, -0.19535653430012911]]}
{0: [[-0.5290690737156554, 0.16302042980954545, -0.6708739341940377], [-0.6962417889275203, -0.17930539187889205, 0.310264147316446], [-0.45589263659032886, -0.36377457465840046, -0.682177271004494]], 1: [[-0.7183113961305561, 0.8122531064595704, 0.06497885806576176, -0.7445133372127275]]}
{0: [[0.2427624586578534, 0.4969987013401138, 0.34964262388735734], [0.4734168446710032, 0.3108161448884823, -0.3486700862807297], [-0.45241242835436, 0.30255812882563515, -0.4862799599742966]], 1: [[0.8722374192050686, -0.03442539508284859, 0.9846200513254397, 0.21464475273155115]]}
{0: [[0.6899832678961777, 0.9737868025451573, -0.9587192915067129], [0.8278313919552254, -0.8147022393994094, -0.8276397495876762], [-0.09246707192246739, 0.8665237490458153, 0.8137927998400019]], 1: [[0.9853260433718574, 0.68079206975484, -0.38192546263414484, 0.04913664177518062]]}
{0: [[-0.584797694470514, 0.5396644629808562, 0.5396295876108315], [-0.5540034020609874, 0.9873111902834137, -0.5271061303337623], [0.5314821367327158, 0.2728564341013311, 0.9141755561441343]], 1: [[0.8281410470022206, 0.2915674530882999, 0.9550780172782245, -0.701677879296255]]}
{0: [[-0.9244809075152829, -0.46008836950350673, 0.04070153182260272], [0.5822486932104469, 0.6288328572200774, 0.37544588962282255], [0.5799282999614441, 0.34293001946037505, -0.9741324975611365]], 1: [[-0.5555063045269524, -0.7473655342729308, -0.6634981384116165, 0.412069994055412]]}
{0: [[0.9659052787739459, -0.901668953760224, -0.30692097368262217], [0.7872734000031958, 0.8566212853763544, 0.8194875108911346], [-0.4020302713072341, 0.17030684920138728, 0.1498855319129888]], 1: [[-0.22471934940717553, 0.705790046878652, 0.8783292921195578, -0.5135136662248498]]}
{0: [[0.3326921079408105, 0.0008369279123010553, 0.5414641425869973], [0.014825723437879468, -0.384283470321102, 0.9284175578971374], [0.9629310714772095, -0.2892810459380646, 0.8513357683125138]], 1: [[-0.9787638363903266, 0.3440875769985041, 0.43810832676528144, -0.6799343410505609]]}
{0: [[0.8262481344447534, -0.30902243636239235, -0.27653435336659404], [-0.19771915001584595, -0.5621170291773219, -0.07498485749354655], [-0.3370010243302828, -0.38355399032675197, 0.16552269915761153]], 1: [[0.6482543799070437, -0.5243272346878909, -0.37284682296985006, -0.9277723148335615]]}
{0: [[0.34403349737573596, -0.62254851981617, 0.6349700073092617], [-0.6043397192436462, -0.12371981544016752, -0.6383876524310375], [-0.7301967717933222, 0.650552520078371, -0.6307432209263191]], 1: [[-0.5250669184176207, -0.8337768792771658, 0.130240201243909, 0.30004071443080504]]}
{0: [[0.37410148395431353, 0.5666877459811546, -0.14265848198173958], [0.5706738299770298, -0.8560635043227947, 0.6483628351905923], [0.3861668919852055, -0.8480294968951301, 0.5231175765329947]], 1: [[0.558162609938136, 0.4046709922718936, -0.9555498720726272, -0.35714945533553233]]}
{0: [[0.9073103801393383, 0.6801143488757755, 0.12281748771566425], [0.5787532730697476, -0.32292053525821474, -0.38731124163952635], [-0.15639731296570614, -0.5352229435674578, 0.29860775799945527]], 1: [[-0.5120530365546869, 0.8606006105781656, 0.5166492610355158, -0.3471121132889363]]}
{0: [[0.07882939312279835, -0.21369331574051764, -0.4899591308030553], [-0.32715862882819446, 0.8728114485503129, -0.12127269258550943], [0.08925410587737992, -0.6868260750053183, 0.17579440239375033]], 1: [[-0.28903170819307844, 0.17040399111428917, 0.8575951561486703, -0.9361333603349065]]}
{0: [[0.25361896284045016, 0.8814620163275757, 0.14598983171597868], [0.17074691221094573, -0.5290231929534228, -0.8903501499055928], [-0.8814936401843922, 0.7626089896395316, 0.07354932733547326]], 1: [[-0.509832809596716, -0.32831906933417243, 0.02583644722892564, 0.9265517114307171]]}
{0: [[0.08886149619660944, 0.9752962123691511, 0.7872599095442436], [0.6564026408951473, 0.06518710842120568, -0.9796329354857747], [0.6529438106700587, -0.28240982566374706, -0.4059252380161067]], 1: [[0.4975472990454153, -0.6177348809350316, -0.7667504942210981, 0.2500861732427462]]}
{0: [[-0.12479664241440935, -0.13691784960713393, -0.03279652273484723], [0.830299832574996, 0.2661258788144736, -0.7330139328851122], [0.9879202789396926, -0.6588083071507036, 0.10146319059949915]], 1: [[-0.9787446843473271, -0.6008009304140143, 0.7268923004044345, -0.16185210210441858]]}
{0: [[-0.9627823415471699, -0.6642094868561907, 0.1259786133230849], [0.6837867578168935, -0.9072146587520948, 0.9819499709091108], [-0.5601329839663047, 0.39228511607758376, 0.05468310879844629]], 1: [[0.6962948279920267, -0.49005668797210644, -0.23823558094746944, -0.07453783094821986]]}
{0: [[0.11210426007831886, 0.26558472780524234, 0.006271470471769458], [0.7371942012359518, -0.8662982463038233, 0.3407170704522009], [-0.5584607066917864, 0.45294172425606183, -0.8210793477426073]], 1: [[-0.1097611004131056, -0.8488895576782189, 0.8945885227131207, 0.5468233877790991]]}
{0: [[0.8856429262432068, 0.6384017124567389, 0.6762487712166649], [-0.9124400412172895, 0.07997572440754275, -0.5068104213181186], [0.5206492462122185, -0.4911156903340086, -0.12405774732193997]], 1: [[0.4507940032336957, -0.16064219169567573, -0.24219951722352917, 0.3421899655760958]]}
{0: [[-0.1599254708833524, 0.9919915869595255, 0.2358572021820835], [-0.00997177394432569, -0.30796516126033646, 0.9160212763037892], [0.2034225378205936, -0.330789165824493, -0.20305564704339019]], 1: [[0.9402172023092419, 0.4387789531066131, -0.8698423361682921, -0.8207546149330229]]}
{0: [[-0.1280664342388469, 0.39475879344576903, -0.13896403683266256], [0.8525301647092443, -0.44693157131104333, 0.8160782406948706], [0.4065082701032714, -0.5665173430063708, 0.5533613619627833]], 1: [[0.4506237013675909, -0.3207964848213616, 0.5763449086892523, -0.7765212761476734]]}
{0: [[-0.701775539336426, 0.9606453801955637, -0.39424266583130296], [0.5359718568906273, -0.43451434326827276, 0.5268811789205492], [0.41541997857260826, 0.7074566316561643, 0.867795287852976]], 1: [[-0.19820611041837588, -0.8610544495827264, -0.144679801916197, -0.656082979493327]]}
{0: [[0.8878963511998705, -0.9597507557744431, -0.5628796674312464], [-0.23879973880197713, 0.03985030885643148, -0.8090553366904114], [0.8218443110585403, 0.4276291973920401, -0.778705498371993]], 1: [[-0.1902685099608663, -0.720724487293487, -0.021811541991621608, -0.9082802356100634]]}
{0: [[-0.5104252971361187, 0.21064592262831328, -0.17783314393720606], [-0.4721270432469671, -0.016703789305684058, 0.46609340903591057], [0.5144099491188305, -0.48703141404142025, 0.563889319391089]], 1: [[0.6927641910430491, 0.06642973408940556, -0.8395642153458529, -0.8007309346791809]]}
{0: [[-0.36654926792824316, 0.5106866478353602, 0.06385574445926023], [-0.43367182526950354, -0.5244160170455565, 0.20575064148551325], [-0.5463369783761935, 0.698038106877531, 0.9021144858528887]], 1: [[-0.27996302727501754, -0.3824506094315512, 0.8452560390993122, -0.8452020240888081]]}
{0: [[0.8677353217492694, -0.7732910858017876, -0.1535640755278298], [0.7374204887336293, -0.7126939546694342, -0.019702117284549958], [0.9394465677226818, -0.6616264638231697, 0.5055683614003195]], 1: [[0.7616145239918146, 0.8021600769835633, -0.480306606307328, -0.03540398513102394]]}
{0: [[0.5824736177100183, 0.017725485412130038, -0.16376501244246544], [-0.17301274736264727, -0.24397500202011213, -0.6397269585243055], [-0.877395969092263, -0.9940786897595613, -0.39479107442292793]], 1: [[0.12391550302065579, 0.4042736727905374, 0.9041999435163393, 0.1798351266272582]]}
{0: [[-0.975917833786446, -0.9391325934387604, -0.79613708303544], [0.06016875452480708, 0.32482969246200466, 0.8675079804716714], [0.6083788075805363, -0.510470082489451, -0.8328609054530827]], 1: [[-0.06999420769066655, 0.5968057829031161, -0.33164516442410696, -0.07619313171470199]]}
{0: [[0.662013975515565, 0.5112192150912622, 0.3825622655072476], [0.4595231433296878, -0.829292904426151, 0.7554022061645556], [-0.3432208234634193, 0.8772558225742491, -0.5939532283448226]], 1: [[0.056022330305357304, 0.28995934617314933, 0.3757959922823326, -0.6431384804725901]]}
{0: [[-0.5681083542494361, -0.3540406995355674, 0.1433396664608575], [0.7285728106113876, 0.638111700394044, -0.29738725304470637], [-0.7819405984370307, 0.04471854925801355, 0.36772388301739256]], 1: [[-0.10565065481391644, 0.857002796901047, 0.260589279133262, -0.08050471217608846]]}
{0: [[0.5390274010795228, -0.07194751770668639, -0.3582530491586209], [0.05350582176682117, 0.5467766915989334, -0.18933760834471802], [0.1889516706279215, 0.8222730715421114, -0.3469326382626592]], 1: [[0.18158833735777402, 0.49257997009314014, 0.6954954614307842, 0.04832760387215185]]}
{0: [[0.02768691434977333, 0.004006448529368933, 0.4551308643960814], [0.5161355136055208, 0.30363208718536927, -0.3178950192540766], [-0.49061714154708347, 0.4892004602937099, -0.14677248429717515]], 1: [[0.06323870838714996, 0.4983683162772288, -0.46311411963741, 0.32175130198790036]]}
{0: [[-0.04618991620058677, -0.07792299420008053, 0.13540630380386842], [0.42961806457333584, 0.3071579337011785, -0.7839831803988224], [-0.2314950691052131, -0.3260874337661466, -0.8343603017173247]], 1: [[0.772279821654398, 0.9019084148299426, -0.5530698906882598, -0.9798494266285738]]}
{0: [[-0.4347379733140355, 0.32399880913943746, -0.5541602199199913], [-0.43495328790032284, 0.960354599367476, -0.6032070768259234], [0.9330128553584773, -0.13259322509149962, -0.16139133715011855]], 1: [[0.09384024691799464, 0.704255942427368, 0.9390426818858952, 0.5014254770838433]]}
{0: [[0.5326750463730712, -0.5431786256046802, 0.3693925270900842], [0.8067674010720114, -0.41580502813628195, -0.12149965827385922], [0.5793496133268479, 0.28176361137802797, 0.9038031202292354]], 1: [[-0.6512429507339592, 0.5452894552019805, -0.09526780964578063, 0.3339445663410101]]}
{0: [[0.5592843248046144, 0.8937354745396682, -0.6047324640781109], [-0.09654041543429859, 0.6052994648192223, -0.3925977340783917], [0.3454130599948102, 0.450819403455748, -0.820300033917452]], 1: [[0.68060315131133, -0.1541292824525462, 0.7219179265661944, 0.7277606568695081]]}
{0: [[-0.8083215567041762, -0.25214904442681085, 0.8875983748213583], [-0.8553789327732628, 0.39940011339039816, 0.8592602626321169], [0.497501383603405, -0.9604330108362762, 0.8652286712060799]], 1: [[0.04853902311175706, -0.08630599437279551, -0.35124369606285377, 0.6467242061787859]]}
{0: [[-0.2420818304354444, -0.2895737678271879, -0.3773830586637139], [0.5077353930886088, -0.5455374319287924, 0.6928001205526084], [0.30956504600242907, 0.21716969110674267, -0.0981426184498615]], 1: [[-0.5520366142351296, 0.027185892942314993, -0.9088625128975294, 0.45083067104184416]]}
{0: [[-0.6084057457008467, 0.6569064997007579, 0.10484158232550755], [0.8335394100491762, 0.4806722961666037, 0.0867489754510804], [-0.20369517037592955, -0.30951020577555766, 0.21372856733458345]], 1: [[0.3364441440328767, 0.6953187763976232, -0.9493728400225203, 0.34004746063031366]]}
{0: [[-0.8533800753350971, 0.3292439466223631, -0.5503102525599328], [0.7715336317096149, 0.629364520700427, 0.2654869630616601], [0.823285960230228, 0.275756750979429, -0.14056133925800807]], 1: [[0.17202424341473033, 0.8008094353933626, -0.8019690595835514, 0.41323307480174787]]}
{0: [[0.0020881737891647045, -0.7958234196008966, -0.6925265487993677], [-0.737453657809122, -0.388821535359668, -0.7813401438441372], [-0.34886339872006533, -0.7309216297726626, -0.584905115773692]], 1: [[-0.8847879528777882, -0.22419281353563947, 0.8680882051287511, 0.8404947835228451]]}
{0: [[0.1598220530187291, -0.9854101883650888, -0.5855795970250153], [-0.13723860753136985, -0.7620880481501313, -0.4209030212598901], [0.7082175019171137, -0.8603183574620656, 0.9230951213971161]], 1: [[0.7272029278265695, -0.7787928172412217, 0.004464648642518387, -0.33675591087866263]]}
{0: [[-0.945040312493671, 0.562621366839126, -0.07516121388757768], [-0.9077220047277805, 0.774306890019038, -0.2356321695798007], [-0.7465083617071566, -0.563042711731867, -0.542864023623888]], 1: [[0.13661008453150147, 0.23680322004383547, -0.2457616017889772, 0.9622283722911287]]}
{0: [[0.5199914957378577, -0.1015085634395827, 0.9338695238066017], [-0.3004701184484384, 0.6067249159405268, 0.7561697594318035], [0.041493575879985256, -0.7793211503292079, -0.6405351148368943]], 1: [[0.2311050148661653, -0.747088583310725, 0.2263364771344818, -0.2879314021719368]]}
{0: [[0.27055391136858153, 0.3458535351870735, -0.9565279130030204], [-0.20251954540777728, 0.6679044047076381, -0.44509220453217724], [-0.11662088960019856, -0.21226767322923257, -0.9226137559670162]], 1: [[-0.42830708859157873, 0.1689447235157786, 0.03125746873324742, 0.36681637760791963]]}
{0: [[-0.10731614919568444, 0.8413203192606522, -0.4825960912090641], [0.9127720136397466, 0.4539215980702831, -0.858530676490483], [0.608679981985192, -0.5345474203480594, 0.9434970647609622]], 1: [[0.93570890240446, -0.6157907198345922, -0.9369356314457176, -0.0020773841950729732]]}
{0: [[0.18085632242486205, -0.5644515457843338, 0.9026606234604357], [0.9935875158891618, -0.5574124597944305, 0.7634687070473893], [0.8791386108875028, -0.8439629085654228, 0.7412800183279034]], 1: [[-0.2278555022209754, -0.3685656042203389, -0.9623601230766134, 0.8500590611358132]]}
{0: [[-0.4687330435127619, 0.24352484458123924, 0.43766384381966383], [0.11854432181578578, -0.17385649819132776, -0.7565627425263548], [-0.5951300467926821, -0.8654694475997484, 0.9694087028644889]], 1: [[0.9737778462780393, -0.5895581905288318, 0.8517708641222059, -0.6833793834478665]]}
{0: [[0.2854987265826079, -0.8816375139832575, 0.3923089135556508], [-0.5381872242592072, -0.2739641602601408, 0.6810505774209585], [-0.8261184413324465, 0.45154795833408157, 0.20863124112430498]], 1: [[-0.12835913655104414, 0.047821762862145345, 0.35801800951438834, 0.22038049944359162]]}
{0: [[-0.07492061244722037, -0.019867443054391032, 0.15233966014363842], [0.5881206724368149, -0.938043562309415, -0.7230584541209424], [0.7013996262312985, 0.8422475505625568, -0.04340267842539558]], 1: [[0.47206990521319203, -0.9282990949465522, 0.6224858906232151, 0.00011321774924888395]]}
{0: [[-0.23536094459401102, -0.17778671455726935, 0.9239993418718833], [0.3544611401075388, 0.13169723045308634, 0.023839594783802376], [0.08287905922396344, -0.9932452254846607, -0.5466561416924438]], 1: [[0.31932076015878885, 0.10093657136672052, -0.4941168369528677, -0.8269358393662245]]}
{0: [[0.9677496790398805, -0.77303919071366, -0.09484246050046674], [0.9311286308836175, 0.6118685558113313, 0.38138516054610094], [-0.1156525383930056, -0.9636579160299388, 0.5882097672543594]], 1: [[0.9434218350123269, -0.7366576547540387, 0.9739602482278933, -0.6983073710203658]]}
{0: [[0.5973313517938277, 0.04067691055000178, -0.35473981985795966], [0.4936464856245484, 0.21678395262056727, 0.018635702787269004], [0.7602868291465126, -0.7602975299513293, 0.8998843157220155]], 1: [[0.36683535132543454, 0.8435401865390255, 0.018658302924370984, -0.40676610140421965]]}
{0: [[0.6028038167315988, 0.6604776059697566, -0.6111896349632504], [-0.5924748082029068, 0.6845094568453132, 0.6752117616634232], [0.0072221761875097545, -0.8692581375064143, 0.7855302854594695]], 1: [[-0.6555052736780353, -0.8385967542370256, -0.6409552457793286, -0.46975943886022864]]}
{0: [[0.8493229433611589, 0.07025892947480306, -0.08191630091892699], [-0.8949486242272118, -0.028196086671216536, 0.5713636198308076], [-0.7328317769525667, -0.11903896152879812, 0.2120398015488818]], 1: [[-0.8141296187020612, -0.7017618176513349, 0.5441889405447113, 0.6470923531415083]]}
{0: [[-0.01661525478019632, -0.31400482878961977, 0.07008150852202233], [0.8756976940542116, -0.3335905929403242, 0.14692555897192872], [0.4514297437788366, -0.39191812191443876, 0.8813664554728069]], 1: [[-0.17358640283071924, 0.3973370384669208, -0.5980709164516689, -0.3166424206241478]]}
{0: [[0.29407407221765736, -0.8100824476227353, 0.47194571677407837], [-0.9099581329910489, -0.21318858639751626, -0.44193165479876906], [0.5035209086431931, -0.2672198799057792, 0.7656854939188562]], 1: [[0.3940863126568315, -0.24229842843464566, 0.46160959388301515, -0.5743277823707844]]}
{0: [[0.06676237166387655, -0.33772523705330104, -0.9981030416680232], [-0.8768527983391012, 0.9676630465524418, -0.07901384348687501], [0.4865253613581355, -0.5981733349609946, -0.5189380077893713]], 1: [[0.37735313530301773, -0.17983682316709015, -0.2135889545132561, -0.7718182886316418]]}
{0: [[-0.3380509271140417, -0.6263399572044721, -0.43142009313644114], [0.7869875813056018, 0.7912898339941496, -0.9428718929778963], [0.7158547682935219, 0.43698851075752976, -0.9900101719616443]], 1: [[-0.26423763639522657, -0.5396663609381194, -0.14452781740514276, 0.39000947086764537]]}
{0: [[0.48816069528132533, 0.4434201732798704, -0.9922176008892096], [-0.2753867369706646, -0.7639562690541124, 0.44446049168211554], [-0.5052735344224404, 0.6369161703036712, 0.036575155748523214]], 1: [[-0.836252223191857, 0.06421534225967473, -0.1612524869551013, 0.8130131157518405]]}
{0: [[0.4000609264766142, 0.019459915120445093, -0.6271659882865217], [0.8635929637634618, -0.02977177775490647, 0.996542526677463], [0.20397590093885243, 0.11477940249481566, -0.8014863369490193]], 1: [[-0.43893161959723326, -0.07449392035430935, 0.6396461220061531, -0.002920814626899748]]}
{0: [[-0.08677881112304431, -0.5112715432161195, -0.34379397027511827], [-0.5712271349106948, 0.8735384137192013, 0.5400135603499154], [-0.4905604909707795, 0.9652639529083797, 0.6263795768464588]], 1: [[-0.6426269304247059, 0.3267769177306479, -0.9244527685013366, 0.5190296496269551]]}
{0: [[-0.7108155641147076, 0.6183520901238027, -0.7177602574579036], [0.33939029715801405, 0.49233516835069646, -0.6849585858279887], [-0.0954286093402632, 0.6376660515895547, 0.9458865189870536]], 1: [[-0.6561277321817371, 0.5896818011110108, -0.31875499759302817, -0.43559543355367225]]}
{0: [[-0.29140805935518155, 0.8193087792512816, 0.27891423931711423], [-0.2165325896299124, -0.6356872273197753, 0.3002653432565847], [-0.6767100521049858, 0.32845709224880193, -0.28917029999070354]], 1: [[-0.5611070281999202, -0.06525044182441375, 0.5953366589048761, -0.40907978205429774]]}
{0: [[0.12765905308930203, 0.48606470943645985, 0.026708851600045547], [0.2493471780047647, -0.13937335324052968, 0.9821836915182576], [0.6460349351214694, -0.21141058344675168, -0.2187397811050409]], 1: [[0.1778272764988138, 0.7701299664657364, -0.18551685468672385, -0.8970029945161673]]}
{0: [[0.9007959255165905, -0.32312578277422754, -0.7533308361522091], [0.6164957638401407, -0.4040670729316489, 0.5974967725018236], [-0.3444953616989552, -0.06503983227197252, 0.531153751006668]], 1: [[0.4499865282952309, 0.04995112729424167, -0.511343424671765, 0.5467985372740451]]}
{0: [[0.5756599936553402, -0.22615629181063412, -0.9363430949954168], [-0.5365042595815219, -0.5863557123053351, 0.2851001469424306], [-0.531795087653953, -0.012851326135247643, 0.7807911286852312]], 1: [[-0.945425275000342, -0.7146969725800418, -0.5769102315340724, 0.11978383717943819]]}
{0: [[0.6833235917763136, -0.26768836800596163, -0.12606878820328005], [-0.7308285100139666, 0.8511844683490002, 0.4702912761646145], [0.0027821288967597724, 0.17004452628479028, -0.848953626367074]], 1: [[-0.8984949249142038, -0.22739937441421354, 0.0360951676017891, -0.5363919455760089]]}
{0: [[-0.9055622013046005, 0.1196377527367194, -0.3106935518937497], [0.48985944706104556, 0.05350002567848677, 0.6048604109839504], [-0.46973191469620423, -0.16761713633485797, -0.7860203445076068]], 1: [[-0.9072225939654999, -0.7259302297441874, 0.7341218139659349, 0.8490765783987195]]}
{0: [[0.5659783981279662, -0.6550869755531799, -0.14804333667632585], [-0.1503050453220507, -0.11142213549114088, 0.7580702065916685], [0.036175878478931445, 0.20442741755478977, -0.9921632710814867]], 1: [[0.201163948136869, -0.6402850158089926, -0.4241529740635728, -0.8998442378131961]]}
{0: [[-0.7210886000028112, 0.0925984304416716, 0.6714793168645423], [-0.3586012740893787, 0.09216167919207563, -0.4387541577292702], [0.1519670147449561, -0.7318818257857627, -0.5050760025034378]], 1: [[-0.06963449706935876, -0.024075148140004776, 0.7019351638170248, 0.6297175597031242]]}
{0: [[-0.3975126051891935, 0.8311990401943825, -0.5152639150981766], [0.3039749091349375, 0.6046113210663024, 0.4936806923428634], [-0.9726653288084224, 0.17031976092558065, -0.004334729251108893]], 1: [[0.4241982162914901, -0.2899876992234802, -0.04954693201804927, 0.24670679262429274]]}
{0: [[0.023581037888383838, -0.11780102874761633, 0.6276418004443336], [0.7450538625411185, -0.23239194504536176, -0.26688720015741696], [0.41449214481026186, 0.2544143995253787, 0.48449084152859756]], 1: [[-0.7925912759753024, -0.6924087834560941, 0.22129182402691416, 0.6891571856890191]]}
{0: [[0.646270063406893, -0.26371271131915885, 0.7507097541028465], [-0.5520995657557453, -0.4448575188477899, 0.7550888926493102], [0.6156578701924749, 0.3744581014590016, -0.18127114221237628]], 1: [[0.21758815224590844, 0.6025926998819233, -0.9592240549723321, -0.6237834185071534]]}
{0: [[-0.26712433972501537, -0.10461671136944872, 0.3988371524947838], [0.9253571647911218, 0.04787089473993178, 0.9722899983949902], [0.05710082605651223, -0.09823225898934851, -0.3367746207311184]], 1: [[-0.5885911521231748, 0.46704597581048257, -0.7112441275496773, -0.6029533056390768]]}
{0: [[-0.2787729567739128, 0.4419036063303503, 0.8556416894387464], [-0.9625316468413623, -0.2713613723600701, 0.08960647891175877], [0.42128628847785743, 0.3277836374611449, 0.47112083224058887]], 1: [[0.17081559305244132, -0.7117675817891895, 0.9438628389623172, 0.1952577382443419]]}
{0: [[-0.4972304487104935, -0.704148349489663, 0.3263490085205689], [-0.22856386072984725, -0.16662209875970135, -0.017280336600954627], [0.9075020012908384, 0.1589436624018159, 0.44202277881622787]], 1: [[-0.2780241837615116, -0.8263214031697317, 0.34563245982120283, 0.1838697312941895]]}
{0: [[-0.8224861659284397, -0.6231116786641093, 0.9704697050225681], [0.808987645702278, 0.3787475855239364, -0.9588503159448822], [-0.2647575937728017, 0.6811090441278889, 0.5416999531806783]], 1: [[-0.24087624864590396, 0.8598320733376381, -0.9089420821986456, 0.7426452102991801]]}
{0: [[-0.4542795766698655, -0.13703660572736598, -0.37518121639292823], [0.20927130868075716, 0.7425052423863618, 0.2140726535245041], [-0.3395695653245434, 0.5315099261211642, -0.9992278080060224]], 1: [[-0.25581080826153, -0.5893075298739217, 0.9580079747039341, 0.7083846105602629]]}
{0: [[-0.747147565846435, -0.8059942897370784, 0.2597883429695662], [-0.4005621771410455, 0.3520628056974806, 0.7813932540969353], [0.31262028207560166, -0.09147599811855045, -0.05885047311639413]], 1: [[-0.5968777924482289, -0.9033985132903468, 0.6952195467063367, 0.6393968910972665]]}
{0: [[-0.5451280704733945, 0.8948332500153493, 0.2398770215660997], [0.39442825784964075, 0.2715208376027203, 0.7805483617046274], [-0.22924330303094198, 0.015994097575373623, -0.7802049052710585]], 1: [[-0.7301086084763357, -0.4402375524040456, 0.2055642355936136, -0.562913927105436]]}
{0: [[-0.23106148513804725, 0.0479202913331398, 0.4119463430378365], [-0.10127929283596426, 0.3226016489326051, 0.9938356721625812], [-0.567570019770145, 0.717481406339993, -0.4886374397644593]], 1: [[0.23069970940422557, -0.0838157517390885, -0.6822070470416368, -0.3722552965230206]]}
{0: [[-0.3916965386278819, 0.5225557406957431, -0.027761213283505226], [-0.27335962634248556, -0.173111861121944, 0.08537950856448862], [-0.16396623535384358, 0.3637682157680253, 0.20368880898025044]], 1: [[0.6910532524346442, 0.25909843510058583, 0.5709010847321425, 0.23117266510747325]]}
{0: [[-0.4010635183212088, -0.6285156368484972, -0.825137086116662], [-0.7724043388864039, 0.145660812989292, -0.12005885540657579], [-0.055988460263308504, 0.33865314891847054, -0.039228431996294555]], 1: [[0.15674483209979728, 0.45850885918430473, -0.2554228558826883, 0.8017584600838121]]}
{0: [[0.40982383756984375, 0.5458408879123431, -0.4170824668626538], [-0.46988967893158473, -0.34165816395604853, 0.9862818179251387], [0.36436084057047613, 0.8323743164455462, 0.973385856751315]], 1: [[0.9405675962889619, 0.44584851445323137, 0.5652797657114588, -0.11480088162125557]]}
{0: [[0.7711465220902531, 0.19345012489910518, 0.6468564803916468], [-0.4103749943655044, -0.40511720607933177, 0.9971008447981977], [0.4662518090962464, -0.9100484877625665, 0.614650089015393]], 1: [[-0.0386316398889186, 0.8724798457548537, 0.006210925387108324, 0.3649237375078407]]}
{0: [[0.8620836296428174, -0.1135208142168942, 0.9587836345494343], [-0.6844035661751426, -0.33259056135668175, -0.8025845094097666], [-0.8963126771395742, -0.38904652092339775, -0.6894761943729402]], 1: [[-0.6867752246183154, 0.03547582183536724, 0.29490571692701817, -0.5883081075516743]]}
{0: [[0.9921632267673193, 0.06507579924926454, -0.09361014088803232], [0.2974382225466996, -0.9980798906921013, 0.16368711829221372], [0.29725845288562525, -0.1566447357250682, -0.6752650087121084]], 1: [[-0.5554827333401946, -0.31697967941349825, 0.8458290652420786, -0.6583762461518656]]}
{0: [[-0.39679801426133543, 0.20107769601186987, 0.9800107066904873], [-0.21005262768238708, 0.7524957506736789, 0.5181181013920249], [0.36486670770360896, 0.11177588530111504, 0.3258984040050643]], 1: [[-0.1436026878954113, -0.6880303655555993, -0.465961733163607, 0.02021333374910017]]}
{0: [[-0.47140209077439255, -0.5145696359239715, 0.005555758952076273], [-0.14510102949884374, 0.6488288888523128, 0.9113601178720079], [0.40497287517393143, -0.49209749787148693, -0.5635804177539774]], 1: [[0.08744733289238904, -0.007704826783715202, -0.44263355024907414, 0.37708513002778576]]}
